#
#													
Paper	the	by	upon	on	would	there	while	whilst	fully	kind	voice	consequently	decision
#
# 51 papers written by Hamilton
#
H1	7.997481	0.8816121	0.3778338	0.5667506	0.1259446	0.1259446	0	0	0	0	0	0	H
H6	8.388004	0.5154639	0.1874414	0.2343018	0.2811621	0.3748828	0.04686036	0	0	0.09372071	0	0	H
H7	8.957871	1.241685	0.4878049	0.5321508	2.261641	0.3991131	0	0	0	0.0443459	0	0	H
H8	7.796781	0.5533199	0.1509054	0.4527163	1.358149	0.1006036	0	0	0	0	0	0	H
H9	8.502024	0.6578947	0.2024291	0.4554656	0.4048583	0.1518219	0.05060729	0	0.05060729	0.2024291	0	0	H
H11	7.457899	0.8019246	0.2405774	0.2004812	2.004812	0.3207698	0	0	0	0.1202887	0	0	H
H12	8.147114	0.698324	0.3258845	0.5586592	1.024209	0.4189944	0	0	0	0.09310987	0	0	H
H13	7.5	0.5208333	0.2083333	0.3125	1.458333	0.9375	0	0	0	0	0	0	H
H15	8.154646	1.039636	0.3248863	0.3248863	0.4223522	0.5847953	0.03248863	0	0.03248863	0.1949318	0.03248863	0	H
H16	9.376534	0.6381934	0.2945508	0.1963672	1.767305	0.1963672	0	0	0	0.245459	0	0	H
H17	10.22364	0.5750799	0.3833866	0.1277955	0.7667732	0.2555911	0	0	0	0.06389776	0	0	H
H21	9.127382	1.10331	0.3009027	0.3009027	0.6018054	0.4012036	0.1504514	0	0	0.4012036	0	0	H
H22	8.280621	0.8625647	0.373778	0.2300173	0.5750431	0.4025302	0.1150086	0	0	0.1437608	0.02875216	0	H
H23	10.29494	0.6121313	0.3895381	0.1112966	0.2225932	0.2225932	0	0	0.0556483	0	0	0	H
H24	7.307692	0.7692308	0.3846154	0.6043956	1.373626	0.3296703	0.05494505	0	0	0.05494505	0	0	H
H25	8.728557	1.10999	0.1009082	0.554995	1.059536	0.1009082	0	0	0.05045409	0.2018163	0	0	H
H26	8.378947	0.8842105	0.2526316	0.2947368	0.6736842	0.3368421	0	0	0.04210526	0.04210526	0.04210526	0	H
H27	10.15515	0.9873061	0.2820874	0.2820874	0.2115656	0.5641749	0	0	0	0.07052186	0	0	H
H28	10.31447	0.4402516	0.1886792	0.06289308	0.754717	0.4402516	0	0	0	0.06289308	0	0	H
H29	9.821429	0.4464286	0.4464286	0.1339286	0.8482143	0.5803571	0.08928571	0	0	0.04464286	0	0	H
H30	8.244275	0.7124682	0.6615776	0.4071247	1.119593	0.2544529	0	0	0	0.1526718	0	0	H
H31	9.248555	0.5202312	0.7514451	0.2890173	0.2890173	0.3468208	0	0	0.05780347	0.1156069	0	0	H
H32	9.979771	0.6743088	0.1348618	0.9440324	1.55091	0.5394471	0	0	0	0.1348618	0	0	H
H33	9.263658	0.8313539	0.5344418	0.2969121	0.8907363	0.1187648	0	0	0.05938242	0.05938242	0	0	H
H34	8.325792	0.1809955	0.4524887	0.4977376	0.9049774	0.4072398	0.04524887	0	0.04524887	0	0	0	H
H35	8.262994	0.444247	0.3998223	0.3553976	0.7107952	0.2221235	0	0	0	0	0	0	H
H36	8.977556	0.7481297	0.2137513	0.2137513	0.2137513	0.6768792	0	0	0	0.1781261	0	0	H
H59	9.215377	0.895208	0.1579779	0.3159558	0.8425487	0.3686151	0	0	0	0.05265929	0	0	H
H60	9.870478	0.9379187	0.3573024	0.2679768	1.250558	0.3573024	0	0	0	0.0446628	0	0	H
H61	9.828496	0.3298153	0.1978892	0.3957784	1.121372	0.3298153	0	0	0	0.06596306	0	0	H
H65	10.81349	0.7936508	0.4960317	0.2480159	1.240079	0.2480159	0.04960317	0	0	0	0	0	H
H66	10.98604	0.5853219	0.4952724	0.3151733	0.4502476	0.2251238	0.04502476	0	0.04502476	0	0	0	H
H67	11.05681	0.855223	0.3665241	0.1832621	0.3054368	0.1832621	0	0	0	0	0	0	H
H68	9.308511	0.7978723	0.1329787	0.1994681	0.4654255	0.06648936	0	0	0	0.06648936	0	0	H
H69	10.94944	0.6911604	0.4365224	0.1818843	0.9821753	0.3273918	0.03637686	0	0	0.03637686	0	0	H
H70	9.209667	0.4898759	0.1959504	0.4572175	0.3592423	0.4245591	0.06531679	0	0	0	0	0	H
H71	10.14068	0.8792497	0.1758499	0.4103165	0.9378664	0.1758499	0.05861665	0	0.05861665	0.05861665	0	0	H
H72	8.627451	0.8333333	0.245098	0.2941176	1.22549	0.4411765	0.09803922	0	0.04901961	0	0	0	H
H73	8.64934	1.150405	0.5538986	0.2130379	1.23562	0.2130379	0	0	0	0.04260758	0	0	H
H74	10.2	0.2	0.3	0.4	0.9	0.4	0	0	0	0.2	0	0	H
H75	10.60762	0.8238929	0.2574665	0.2574665	1.390319	0.1544799	0.2574665	0	0	0.05149331	0	0	H
H76	8.648369	1.035733	0.4142931	0.2071466	1.191093	0.3107198	0.05178664	0	0	0.05178664	0	0	H
H77	9.234694	0.8163265	0.5102041	0.1530612	1.581633	0.1530612	0.05102041	0	0	0	0	0	H
H78	10.14589	0.8289125	0.2984085	0.331565	0.6299735	0.397878	0	0	0.0331565	0.0331565	0.0331565	0	H
H79	8.521058	0.3917728	0.1958864	0.489716	0.489716	0.2938296	0	0	0	0	0	0	H
H80	10.32232	0.5303958	0.244798	0.3671971	0.4079967	0.2855977	0	0	0	0.08159935	0	0	H
H81	9.894459	0.8443272	0.3430079	0.4221636	0.5540897	0.5013193	0.05277045	0.02638522	0	0	0.02638522	0	H
H82	10.82844	0.2609263	0.2609263	0	0.7175473	0	0	0	0	0	0	0	H
H83	8.292512	1.382085	0.349895	0.3149055	0.8397481	0.3848845	0.06997901	0	0	0.0349895	0	0.0349895	H
H84	9.283346	0.7141035	0.2805407	0.510074	0.3825555	0.4080592	0.0255037	0	0	0.0255037	0	0.0255037	H
H85	9.022556	0.4135338	0.4511278	0.6390977	0.2255639	0.3759398	0	0	0.03759398	0	0	0.03759398	H
#													
# 14 papers written by Madison													
#													
M10	8.636212	1.300433	0	0.6002001	0.2000667	0.2000667	0	0	0	0	0.03334445	0.03334445	M
M14	9.302326	0.8372093	0	0.7906977	0.2325581	0	0	0.04651163	0	0	0.09302326	0.09302326	M
M37	8.41639	1.10742	0.03691399	0.7013658	0.2583979	0.07382798	0	0.03691399	0.07382798	0	0	0.07382798	M
M38	8.104851	1.114794	0.1205182	0.4519434	0.4519434	0.09038867	0	0.06025911	0.06025911	0	0	0.03012956	M
M39	11.43515	1.266309	0	0.9593246	0.3069839	0	0	0	0	0	0	0	M
M40	9.688122	1.824818	0	0.4313205	0.199071	0.132714	0	0	0.0331785	0	0.066357	0	M
M41	9.429701	0.9034444	0	0.7622812	0.2540937	0.02823264	0	0.02823264	0.05646527	0.02823264	0	0	M
M42	9.372747	1.11752	0.07209805	0.7930786	0.5407354	0.1081471	0	0	0.03604903	0	0.03604903	0.03604903	M
M43	10.32973	1.371462	0	0.9629413	0.3501605	0.05836008	0	0.02918004	0.02918004	0	0.02918004	0.02918004	M
M44	10.80801	0.9668508	0	0.9668508	1.001381	0.1381215	0	0.06906077	0.1381215	0	0	0.03453039	M
M45	13.04348	0.5198488	0	0.4725898	0.5198488	0.1417769	0	0.09451796	0.04725898	0	0.09451796	0.1417769	M
M46	11.51492	0.8033665	0	1.224178	1.109411	0	0	0.07651109	0.03825555	0	0	0	M
M47	11.86564	1.533406	0	0.7301935	0.1460387	0.109529	0	0	0.109529	0	0	0	M
M48	8.978495	1.505376	0	0.8602151	0.1612903	0.1075269	0	0	0.05376344	0	0	0	M
#													
# 5 papers written by Jay													
#													
J2	6.306306	0.6006006	0.06006006	0.4804805	0.3003003	0	0.06006006	0	0.1201201	0.1201201	0.06006006	0	J
J3	6.323836	1.250869	0	0.4169562	0.1389854	0.0694927	0	0	0	0.0694927	0	0.2084781	J
J4	5.134474	0.8557457	0	0.6723716	1.03912	0.1833741	0	0	0	0	0.06112469	0	J
J5	4.786836	0.7479432	0	0.3739716	2.76739	0	0	0	0	0.07479432	0	0	J
J64	7.458803	1.300954	0	0.6071119	0.3035559	0.2601908	0.04336513	0	0	0	0	0.04336513	J
#													
# 12 disputed papers (written by Madison)													
#																										
Q49	10.69259	0.9113001	0	0.9720535	1.336574	0.1215067	0	0.06075334	0	0	0.06075334	0.06075334	M
Q50	8.991826	0.9990917	0.09082652	0.9990917	0.9990917	0	0	0	0	0	0	0	M
Q51	10.44932	1.201672	0	1.097179	0.4702194	0.2089864	0	0.1044932	0	0	0.0522466	0.1044932	M
Q52	9.978308	1.193059	0	1.030369	0.4338395	0	0	0	0	0	0	0	M
Q53	8.86836	1.431871	0	0.369515	0.2771363	0.09237875	0	0.04618938	0	0	0	0	M
Q54	10.12024	1.302605	0.1002004	0.9519038	0.3006012	0.0501002	0	0	0.0501002	0	0	0.1002004	M
Q55	8.810573	0.6852668	0	0.4405286	0.4894763	0.2447381	0	0	0	0	0	0	M
Q56	8.538899	0.6325111	0	0.56926	0.2530044	0.2530044	0	0.06325111	0.06325111	0.06325111	0	0	M
Q57	9.700816	1.133273	0	0.8612874	0.2719855	0.1813237	0	0.1359927	0	0	0	0	M
Q58	10.14423	1.057692	0	0.8653846	0.5769231	0.09615385	0	0	0	0	0	0.04807692	M
Q62	7.959782	1.173021	0	0.7959782	0.209468	0	0	0	0	0	0.04189359	0.1256808	M
Q63	9.476802	1.678184	0	0.6581112	0.3619612	0.2632445	0	0.03290556	0	0	0	0	M
